sol_DTM2020_F107_Kp_iterT  (SWAMI Operational Model. Drivers: F107 and Kp)      , facteur mutiplicatif applique:  1.0
  95   9    TT                    H                     HE                    O                     N2                    O2                    N                     T0                    TP
   1 0.105293E+04 0.58E-01 0.176100E+06 0.00E+00 0.257735E+08 0.11E+05 0.537892E+11 0.11E+08 0.290891E+12 0.18E+09 0.236928E+11 0.14E+10 0.000000E+00 0.00E+00 0.380000E+03 0.00E+00 0.164429E+02 0.25E-02
   2 0.200659E-01 0.63E-04-0.133700E+00 0.00E+00 0.164553E+00 0.76E-03-0.741581E-01 0.32E-03-0.100827E+00 0.80E-03 0.873957E-01 0.75E-01 0.000000E+00 0.00E+00 0.000000E+00 0.00E+00 0.000000E+00 0.00E+00
   3 0.211472E-01 0.35E-04 0.000000E+00 0.00E+00-0.181187E+00 0.44E-03-0.781992E-01 0.25E-03 0.353956E-01 0.68E-03 0.456673E+00 0.39E-01 0.000000E+00 0.00E+00 0.000000E+00 0.00E+00 0.000000E+00 0.00E+00
   4 0.258320E-02 0.86E-06-0.124600E-01 0.00E+00-0.131995E-02 0.98E-05-0.742386E-04 0.55E-05 0.116777E-02 0.85E-05 0.100000E-05 0.00E+00 0.000000E+00 0.00E+00 0.000000E+00 0.00E+00 0.100000E-05 0.00E+00
   5-0.211633E-04 0.27E-07 0.000000E+00 0.00E+00 0.252220E-04 0.37E-06 0.817691E-05 0.20E-06 0.000000E+00 0.00E+00 0.000000E+00 0.00E+00 0.000000E+00 0.00E+00 0.000000E+00 0.00E+00 0.000000E+00 0.00E+00
   6 0.365929E-02 0.92E-06-0.193000E-01 0.00E+00 0.106877E-02 0.95E-05 0.335528E-02 0.67E-05 0.128981E-02 0.83E-05-0.611030E-03 0.68E-04 0.000000E+00 0.00E+00 0.100000E-04 0.00E+00 0.185717E-02 0.26E-05
   7 0.160481E-02 0.28E-04-0.600000E-01 0.00E+00 0.716645E-01 0.23E-03 0.246711E-01 0.28E-03-0.666766E-01 0.20E-03 0.474967E-01 0.17E-02 0.000000E+00 0.00E+00 0.000000E+00 0.00E+00 0.000000E+00 0.00E+00
   8 0.848415E-02 0.45E-04-0.200000E-02 0.00E+00-0.608186E-01 0.25E-03-0.331972E-01 0.22E-03 0.133578E-01 0.23E-03 0.102342E+00 0.29E-02 0.000000E+00 0.00E+00 0.000000E+00 0.00E+00 0.000000E+00 0.00E+00
   9-0.104108E-01 0.21E-04 0.587800E-01 0.00E+00-0.512184E-01 0.33E-03 0.131425E+00 0.26E-03 0.231817E-01 0.25E-03 0.000000E+00 0.00E+00 0.000000E+00 0.00E+00 0.000000E+00 0.00E+00 0.000000E+00 0.00E+00
  10-0.177718E-02 0.41E-04 0.000000E+00 0.00E+00 0.569862E-01 0.66E-03 0.189449E-01 0.51E-03 0.433339E-02 0.52E-03 0.000000E+00 0.00E+00 0.000000E+00 0.00E+00 0.000000E+00 0.00E+00 0.000000E+00 0.00E+00
  11-0.190951E+03 0.11E+00 0.922700E+02 0.00E+00 0.200096E+03 0.10E+00 0.191055E+02 0.50E-01 0.225544E+03 0.39E+00 0.000000E+00 0.00E+00 0.000000E+00 0.00E+00 0.000000E+00 0.00E+00 0.000000E+00 0.00E+00
  12 0.196975E-02 0.21E-04 0.000000E+00 0.00E+00 0.296969E+00 0.22E-03 0.242998E+00 0.20E-03 0.613676E-01 0.26E-03 0.000000E+00 0.00E+00 0.000000E+00 0.00E+00 0.000000E+00 0.00E+00 0.000000E+00 0.00E+00
  13-0.268141E-02 0.42E-04 0.000000E+00 0.00E+00-0.167093E+00 0.44E-03 0.150759E-01 0.40E-03-0.614287E-02 0.52E-03 0.000000E+00 0.00E+00 0.000000E+00 0.00E+00 0.000000E+00 0.00E+00 0.000000E+00 0.00E+00
  14-0.130958E+03 0.64E+00 0.000000E+00 0.00E+00 0.104210E+03 0.19E-01 0.106389E+03 0.00E+00 0.111350E+03 0.18E+00 0.000000E+00 0.00E+00 0.000000E+00 0.00E+00 0.000000E+00 0.00E+00 0.000000E+00 0.00E+00
  15-0.135095E+00 0.68E-04 0.330100E+00 0.00E+00-0.982823E+00 0.16E-02 0.305489E+00 0.13E-02 0.953165E-01 0.13E-02 0.151662E+00 0.28E-01 0.000000E+00 0.00E+00 0.100000E-02 0.00E+00-0.116519E+00 0.25E-03
  16-0.313696E-01 0.55E-04 0.104500E+00 0.00E+00 0.111057E-01 0.58E-03 0.300331E-01 0.58E-03-0.314273E-01 0.00E+00 0.000000E+00 0.00E+00 0.000000E+00 0.00E+00 0.000000E+00 0.00E+00 0.000000E+00 0.00E+00
  17 0.265190E-03 0.12E-05 0.000000E+00 0.00E+00 0.767579E-02 0.22E-04-0.433347E-02 0.20E-04 0.218894E-02 0.19E-04-0.171025E-02 0.56E-03 0.000000E+00 0.00E+00 0.000000E+00 0.00E+00 0.209962E-02 0.59E-05
  18-0.304250E+01 0.13E-01-0.147700E+02 0.00E+00-0.188258E+03 0.16E-01 0.311944E+01 0.25E-01-0.200511E+03 0.44E+00 0.000000E+00 0.00E+00 0.000000E+00 0.00E+00 0.100000E+01 0.00E+00 0.100000E+01 0.00E+00
  19-0.887020E-02 0.33E-04-0.906500E-01 0.00E+00-0.117185E-02 0.46E-03-0.217624E-01 0.21E-03 0.310947E-02 0.62E-03 0.000000E+00 0.00E+00 0.000000E+00 0.00E+00 0.100000E-02 0.00E+00 0.100000E-02 0.00E+00
  20-0.168343E+03 0.96E-01-0.720000E+02 0.00E+00-0.216706E+03 0.00E+00 0.135770E+03 0.26E+00 0.594564E+02 0.12E+01 0.000000E+00 0.00E+00 0.000000E+00 0.00E+00 0.180000E+03 0.00E+00 0.180000E+03 0.00E+00
  21-0.108846E+00 0.60E-04 0.209400E+00 0.00E+00-0.764404E-01 0.65E-03-0.680842E-01 0.11E-02 0.169652E+00 0.73E-03 0.254393E+00 0.69E-01 0.000000E+00 0.00E+00 0.000000E+00 0.00E+00-0.172667E+00 0.25E-03
  22-0.882556E-03 0.18E-04 0.283000E-01 0.00E+00-0.563654E-02 0.16E-03-0.230825E-01 0.12E-03-0.149804E-02 0.40E-03 0.000000E+00 0.00E+00 0.000000E+00 0.00E+00 0.000000E+00 0.00E+00 0.000000E+00 0.00E+00
  23-0.279175E-03 0.11E-05 0.000000E+00 0.00E+00 0.618047E-03 0.12E-04 0.354854E-03 0.20E-04 0.105004E-02 0.16E-04-0.360588E-02 0.13E-02 0.000000E+00 0.00E+00 0.000000E+00 0.00E+00-0.850352E-04 0.56E-05
  24-0.860766E-02 0.42E-04 0.857100E-01 0.00E+00-0.363827E-02 0.39E-03 0.794550E-01 0.38E-03 0.000000E+00 0.00E+00 0.000000E+00 0.00E+00 0.000000E+00 0.00E+00 0.000000E+00 0.00E+00 0.000000E+00 0.00E+00
  25 0.115890E-01 0.31E-04-0.247500E-01 0.00E+00-0.319714E-01 0.29E-03 0.246776E-02 0.42E-03 0.000000E+00 0.00E+00 0.000000E+00 0.00E+00 0.000000E+00 0.00E+00 0.000000E+00 0.00E+00 0.000000E+00 0.00E+00
  26-0.110633E+00 0.55E-04 0.383000E+00 0.00E+00 0.282341E+00 0.67E-03-0.300223E-01 0.97E-03 0.639511E-01 0.56E-03-0.763561E-01 0.54E-02 0.000000E+00 0.00E+00 0.000000E+00 0.00E+00-0.238971E-01 0.20E-03
  27 0.546252E-02 0.17E-04 0.294100E-01 0.00E+00-0.130289E-01 0.19E-03-0.582864E-01 0.11E-03 0.172740E-01 0.22E-03 0.000000E+00 0.00E+00 0.000000E+00 0.00E+00 0.000000E+00 0.00E+00 0.000000E+00 0.00E+00
  28-0.564593E-05 0.10E-05 0.000000E+00 0.00E+00-0.803851E-03 0.12E-04-0.352354E-02 0.18E-04-0.313534E-02 0.12E-04-0.722947E-03 0.97E-04 0.000000E+00 0.00E+00 0.000000E+00 0.00E+00 0.335621E-02 0.47E-05
  29-0.879344E-03 0.39E-04-0.397400E-02 0.00E+00-0.166547E-02 0.49E-03 0.229263E-02 0.34E-03 0.000000E+00 0.00E+00 0.000000E+00 0.00E+00 0.000000E+00 0.00E+00 0.000000E+00 0.00E+00 0.000000E+00 0.00E+00
  30 0.380542E-03 0.29E-04 0.435600E-01 0.00E+00-0.726504E-01 0.35E-03 0.132130E-01 0.36E-03 0.000000E+00 0.00E+00 0.000000E+00 0.00E+00 0.000000E+00 0.00E+00 0.000000E+00 0.00E+00 0.000000E+00 0.00E+00
  31-0.347165E-02 0.11E-04 0.000000E+00 0.00E+00 0.647571E-01 0.38E-03 0.286314E-01 0.92E-04-0.468062E-02 0.23E-03-0.187204E-01 0.25E-01 0.000000E+00 0.00E+00 0.000000E+00 0.00E+00 0.100000E-03 0.00E+00
  32 0.180969E-02 0.70E-05 0.000000E+00 0.00E+00-0.361277E-02 0.10E-03-0.617922E-02 0.76E-04 0.000000E+00 0.00E+00 0.000000E+00 0.00E+00 0.000000E+00 0.00E+00 0.000000E+00 0.00E+00 0.000000E+00 0.00E+00
  33 0.603403E-02 0.11E-04 0.000000E+00 0.00E+00-0.268814E-01 0.36E-03 0.123212E-01 0.98E-04 0.753863E-02 0.24E-03-0.275812E-01 0.64E-02 0.000000E+00 0.00E+00 0.000000E+00 0.00E+00 0.100000E-03 0.00E+00
  34 0.370642E-02 0.67E-05 0.000000E+00 0.00E+00 0.290271E-02 0.76E-04-0.298710E-02 0.73E-04 0.000000E+00 0.00E+00 0.000000E+00 0.00E+00 0.000000E+00 0.00E+00 0.000000E+00 0.00E+00 0.000000E+00 0.00E+00
  35 0.232984E-03 0.23E-05 0.000000E+00 0.00E+00 0.195706E-02 0.00E+00 0.258631E-02 0.28E-04-0.502743E-02 0.73E-04 0.000000E+00 0.00E+00 0.000000E+00 0.00E+00 0.000000E+00 0.00E+00 0.000000E+00 0.00E+00
  36 0.161126E-02 0.21E-05 0.000000E+00 0.00E+00-0.450339E-02 0.00E+00-0.337832E-02 0.24E-04 0.565239E-03 0.72E-04 0.000000E+00 0.00E+00 0.000000E+00 0.00E+00 0.000000E+00 0.00E+00 0.000000E+00 0.00E+00
  37-0.978437E-03 0.32E-05 0.000000E+00 0.00E+00 0.000000E+00 0.00E+00 0.673629E-02 0.35E-04 0.000000E+00 0.00E+00-0.222404E-01 0.27E-02 0.000000E+00 0.00E+00 0.000000E+00 0.00E+00 0.000000E+00 0.00E+00
  38-0.122915E-02 0.31E-05 0.000000E+00 0.00E+00 0.000000E+00 0.00E+00 0.170177E-02 0.34E-04 0.000000E+00 0.00E+00-0.134400E-02 0.11E-02 0.000000E+00 0.00E+00 0.000000E+00 0.00E+00 0.000000E+00 0.00E+00
  39 0.000000E+00 0.00E+00 0.000000E+00 0.00E+00 0.958836E-03 0.41E-03-0.137295E-02 0.36E-03 0.000000E+00 0.00E+00 0.000000E+00 0.00E+00 0.000000E+00 0.00E+00 0.000000E+00 0.00E+00 0.000000E+00 0.00E+00
  40-0.920535E-02 0.32E-04 0.000000E+00 0.00E+00 0.100000E-05 0.00E+00 0.457571E-01 0.38E-03-0.139168E-01 0.44E-03 0.000000E+00 0.00E+00 0.000000E+00 0.00E+00 0.000000E+00 0.00E+00 0.000000E+00 0.00E+00
  41 0.642830E-02 0.28E-04 0.000000E+00 0.00E+00 0.100000E-05 0.00E+00-0.181259E-01 0.33E-03 0.207750E-01 0.38E-03 0.000000E+00 0.00E+00 0.000000E+00 0.00E+00 0.000000E+00 0.00E+00 0.000000E+00 0.00E+00
  42 0.100000E-05 0.00E+00 0.000000E+00 0.00E+00 0.100000E-05 0.00E+00 0.100000E-05 0.00E+00 0.100000E-05 0.00E+00 0.000000E+00 0.00E+00 0.000000E+00 0.00E+00 0.000000E+00 0.00E+00 0.000000E+00 0.00E+00
  43 0.203811E-02 0.27E-04 0.000000E+00 0.00E+00 0.100000E-05 0.00E+00 0.132240E-01 0.34E-03 0.354720E-02 0.56E-03 0.000000E+00 0.00E+00 0.000000E+00 0.00E+00 0.000000E+00 0.00E+00 0.000000E+00 0.00E+00
  44-0.639439E-03 0.89E-05 0.000000E+00 0.00E+00 0.100000E-05 0.00E+00 0.433044E-02 0.11E-03-0.498203E-02 0.15E-03 0.000000E+00 0.00E+00 0.000000E+00 0.00E+00 0.000000E+00 0.00E+00 0.000000E+00 0.00E+00
  45 0.227123E-04 0.68E-05 0.000000E+00 0.00E+00 0.100000E-05 0.00E+00 0.577113E-03 0.80E-04-0.618021E-03 0.11E-03 0.000000E+00 0.00E+00 0.000000E+00 0.00E+00 0.000000E+00 0.00E+00 0.000000E+00 0.00E+00
  46-0.620477E-02 0.23E-04 0.000000E+00 0.00E+00 0.100000E-05 0.00E+00 0.415653E-01 0.31E-03-0.167920E-01 0.34E-03 0.000000E+00 0.00E+00 0.000000E+00 0.00E+00 0.000000E+00 0.00E+00 0.000000E+00 0.00E+00
  47 0.122681E-02 0.83E-05 0.000000E+00 0.00E+00 0.100000E-05 0.00E+00-0.239148E-02 0.99E-04-0.155370E-02 0.11E-03 0.000000E+00 0.00E+00 0.000000E+00 0.00E+00 0.000000E+00 0.00E+00 0.000000E+00 0.00E+00
  48 0.176135E-03 0.63E-05 0.000000E+00 0.00E+00 0.100000E-05 0.00E+00-0.106452E-02 0.75E-04-0.119123E-02 0.79E-04 0.000000E+00 0.00E+00 0.000000E+00 0.00E+00 0.000000E+00 0.00E+00 0.000000E+00 0.00E+00
  49-0.450432E-02 0.29E-04 0.000000E+00 0.00E+00 0.100000E-05 0.00E+00 0.151889E-01 0.41E-03 0.241069E-01 0.52E-03 0.000000E+00 0.00E+00 0.000000E+00 0.00E+00 0.000000E+00 0.00E+00 0.000000E+00 0.00E+00
  50 0.308939E-02 0.21E-04 0.000000E+00 0.00E+00 0.100000E-05 0.00E+00-0.694163E-02 0.28E-03-0.370215E-02 0.36E-03 0.000000E+00 0.00E+00 0.000000E+00 0.00E+00 0.000000E+00 0.00E+00 0.000000E+00 0.00E+00
  51-0.248491E-02 0.17E-04 0.000000E+00 0.00E+00 0.100000E-05 0.00E+00 0.382210E-02 0.23E-03 0.297945E-02 0.29E-03 0.000000E+00 0.00E+00 0.000000E+00 0.00E+00 0.000000E+00 0.00E+00 0.000000E+00 0.00E+00
  52 0.100000E-05 0.00E+00 0.000000E+00 0.00E+00 0.100000E-05 0.00E+00 0.100000E-05 0.00E+00 0.100000E-05 0.00E+00 0.000000E+00 0.00E+00 0.000000E+00 0.00E+00 0.000000E+00 0.00E+00 0.000000E+00 0.00E+00
  53 0.100000E-05 0.00E+00 0.000000E+00 0.00E+00 0.100000E-05 0.00E+00 0.100000E-05 0.00E+00 0.100000E-05 0.00E+00 0.000000E+00 0.00E+00 0.000000E+00 0.00E+00 0.000000E+00 0.00E+00 0.000000E+00 0.00E+00
  54 0.515909E-02 0.29E-04 0.000000E+00 0.00E+00 0.100000E-05 0.00E+00-0.253614E-01 0.41E-03 0.132098E-01 0.53E-03 0.000000E+00 0.00E+00 0.000000E+00 0.00E+00 0.000000E+00 0.00E+00 0.000000E+00 0.00E+00
  55-0.582244E-02 0.21E-04 0.000000E+00 0.00E+00 0.100000E-05 0.00E+00 0.133384E-01 0.29E-03 0.145519E-01 0.39E-03 0.000000E+00 0.00E+00 0.000000E+00 0.00E+00 0.000000E+00 0.00E+00 0.000000E+00 0.00E+00
  56 0.183215E-02 0.17E-04 0.000000E+00 0.00E+00 0.100000E-05 0.00E+00-0.911385E-02 0.23E-03 0.665625E-02 0.30E-03 0.000000E+00 0.00E+00 0.000000E+00 0.00E+00 0.000000E+00 0.00E+00 0.000000E+00 0.00E+00
  57 0.100000E-05 0.00E+00 0.000000E+00 0.00E+00 0.100000E-05 0.00E+00 0.100000E-05 0.00E+00 0.100000E-05 0.00E+00 0.000000E+00 0.00E+00 0.000000E+00 0.00E+00 0.000000E+00 0.00E+00 0.000000E+00 0.00E+00
  58 0.100000E-05 0.00E+00 0.000000E+00 0.00E+00 0.100000E-05 0.00E+00 0.100000E-05 0.00E+00 0.100000E-05 0.00E+00 0.000000E+00 0.00E+00 0.000000E+00 0.00E+00 0.000000E+00 0.00E+00 0.000000E+00 0.00E+00
  59 0.000000E+00 0.00E+00 0.000000E+00 0.00E+00 0.000000E+00 0.00E+00-0.254598E-04 0.44E-05 0.000000E+00 0.00E+00 0.000000E+00 0.00E+00 0.000000E+00 0.00E+00 0.000000E+00 0.00E+00 0.000000E+00 0.00E+00
  60 0.445904E-03 0.52E-05 0.000000E+00 0.00E+00-0.678125E-02 0.84E-04-0.687190E-03 0.28E-04 0.101659E-01 0.13E-03 0.000000E+00 0.00E+00 0.000000E+00 0.00E+00 0.000000E+00 0.00E+00 0.000000E+00 0.00E+00
  61 0.292666E-03 0.10E-04 0.000000E+00 0.00E+00 0.100000E-05 0.00E+00 0.519846E-03 0.55E-04 0.279416E-02 0.11E-03 0.000000E+00 0.00E+00 0.000000E+00 0.00E+00 0.000000E+00 0.00E+00 0.000000E+00 0.00E+00
  62 0.100000E-05 0.00E+00 0.000000E+00 0.00E+00 0.100000E-05 0.00E+00 0.100000E-05 0.00E+00 0.100000E-05 0.00E+00 0.000000E+00 0.00E+00 0.000000E+00 0.00E+00 0.000000E+00 0.00E+00 0.000000E+00 0.00E+00
  63-0.315748E-05 0.32E-02 0.000000E+00 0.00E+00-0.300000E-05 0.00E+00 0.330330E-05 0.17E-01-0.300000E-05 0.00E+00 0.000000E+00 0.00E+00 0.000000E+00 0.00E+00 0.000000E+00 0.00E+00 0.000000E+00 0.00E+00
  64 0.309499E-01 0.17E-04 0.000000E+00 0.00E+00-0.125316E+00 0.25E-03-0.763668E-01 0.30E-03 0.695573E-01 0.21E-03 0.000000E+00 0.00E+00 0.000000E+00 0.00E+00 0.000000E+00 0.00E+00 0.000000E+00 0.00E+00
  65 0.254393E-02 0.32E-04 0.000000E+00 0.00E+00 0.100000E-05 0.00E+00-0.119129E-01 0.26E-03 0.100000E-05 0.00E+00 0.000000E+00 0.00E+00 0.000000E+00 0.00E+00 0.000000E+00 0.00E+00 0.000000E+00 0.00E+00
  66 0.100000E-05 0.00E+00 0.000000E+00 0.00E+00 0.100000E-05 0.00E+00 0.100000E-05 0.00E+00 0.100000E-05 0.00E+00 0.000000E+00 0.00E+00 0.000000E+00 0.00E+00 0.000000E+00 0.00E+00 0.000000E+00 0.00E+00
  67 0.100000E-05 0.00E+00 0.000000E+00 0.00E+00 0.100000E-05 0.00E+00 0.100000E-05 0.00E+00 0.100000E-05 0.00E+00 0.000000E+00 0.00E+00 0.000000E+00 0.00E+00 0.000000E+00 0.00E+00 0.000000E+00 0.00E+00
  68 0.100000E-05 0.00E+00 0.000000E+00 0.00E+00 0.100000E-05 0.00E+00 0.100000E-05 0.00E+00 0.100000E-05 0.00E+00 0.000000E+00 0.00E+00 0.000000E+00 0.00E+00 0.000000E+00 0.00E+00 0.000000E+00 0.00E+00
  69-0.136444E-04 0.12E-07 0.000000E+00 0.00E+00 0.436238E-06 0.11E-06 0.000000E+00 0.00E+00 0.000000E+00 0.00E+00 0.000000E+00 0.00E+00 0.000000E+00 0.00E+00 0.000000E+00 0.00E+00 0.000000E+00 0.00E+00
  70 0.000000E+00 0.00E+00 0.000000E+00 0.00E+00 0.000000E+00 0.00E+00 0.000000E+00 0.00E+00 0.000000E+00 0.00E+00 0.000000E+00 0.00E+00 0.000000E+00 0.00E+00 0.000000E+00 0.00E+00 0.000000E+00 0.00E+00
  71 0.000000E+00 0.00E+00 0.000000E+00 0.00E+00 0.000000E+00 0.00E+00 0.000000E+00 0.00E+00 0.000000E+00 0.00E+00 0.000000E+00 0.00E+00 0.000000E+00 0.00E+00 0.000000E+00 0.00E+00 0.000000E+00 0.00E+00
  72 0.100000E-05 0.00E+00 0.000000E+00 0.00E+00 0.100000E-05 0.00E+00 0.100000E-05 0.00E+00 0.100000E-05 0.00E+00 0.000000E+00 0.00E+00 0.000000E+00 0.00E+00 0.000000E+00 0.00E+00 0.000000E+00 0.00E+00
  73 0.100000E-05 0.00E+00 0.000000E+00 0.00E+00 0.100000E-05 0.00E+00 0.100000E-05 0.00E+00 0.100000E-05 0.00E+00 0.000000E+00 0.00E+00 0.000000E+00 0.00E+00 0.000000E+00 0.00E+00 0.000000E+00 0.00E+00
  74 0.901915E-03 0.20E-04 0.000000E+00 0.00E+00-0.243775E-01 0.38E-03-0.186602E-01 0.15E-03-0.224593E-01 0.46E-03 0.000000E+00 0.00E+00 0.000000E+00 0.00E+00 0.000000E+00 0.00E+00 0.000000E+00 0.00E+00
  75 0.327532E-04 0.19E-06 0.000000E+00 0.00E+00-0.446078E-05 0.29E-05 0.229275E-04 0.71E-06 0.166581E-04 0.40E-05 0.000000E+00 0.00E+00 0.000000E+00 0.00E+00 0.000000E+00 0.00E+00 0.000000E+00 0.00E+00
  76 0.100000E-05 0.00E+00 0.000000E+00 0.00E+00 0.100000E-05 0.00E+00 0.100000E-05 0.00E+00 0.100000E-05 0.00E+00 0.000000E+00 0.00E+00 0.000000E+00 0.00E+00 0.000000E+00 0.00E+00 0.000000E+00 0.00E+00
  77 0.692398E-02 0.30E-04 0.000000E+00 0.00E+00-0.278720E-01 0.54E-03-0.278402E-01 0.45E-03 0.000000E+00 0.00E+00 0.000000E+00 0.00E+00 0.000000E+00 0.00E+00 0.000000E+00 0.00E+00 0.000000E+00 0.00E+00
  78 0.439601E-02 0.36E-04 0.000000E+00 0.00E+00-0.267819E-01 0.65E-03-0.172461E-01 0.54E-03 0.000000E+00 0.00E+00 0.000000E+00 0.00E+00 0.000000E+00 0.00E+00 0.000000E+00 0.00E+00 0.000000E+00 0.00E+00
  79 0.267292E-02 0.40E-04 0.000000E+00 0.00E+00-0.104249E-01 0.53E-03 0.359612E-02 0.59E-03 0.000000E+00 0.00E+00 0.000000E+00 0.00E+00 0.000000E+00 0.00E+00 0.000000E+00 0.00E+00 0.000000E+00 0.00E+00
  80 0.000000E+00 0.00E+00 0.000000E+00 0.00E+00 0.000000E+00 0.00E+00 0.000000E+00 0.00E+00 0.000000E+00 0.00E+00 0.000000E+00 0.00E+00 0.000000E+00 0.00E+00 0.000000E+00 0.00E+00 0.000000E+00 0.00E+00
  81 0.000000E+00 0.00E+00 0.000000E+00 0.00E+00 0.000000E+00 0.00E+00 0.000000E+00 0.00E+00 0.000000E+00 0.00E+00 0.000000E+00 0.00E+00 0.000000E+00 0.00E+00 0.000000E+00 0.00E+00 0.000000E+00 0.00E+00
  82 0.000000E+00 0.00E+00 0.000000E+00 0.00E+00 0.000000E+00 0.00E+00 0.000000E+00 0.00E+00 0.000000E+00 0.00E+00 0.000000E+00 0.00E+00 0.000000E+00 0.00E+00 0.000000E+00 0.00E+00 0.000000E+00 0.00E+00
  83 0.104640E-03 0.20E-05 0.000000E+00 0.00E+00 0.000000E+00 0.00E+00-0.332581E-03 0.15E-04 0.000000E+00 0.00E+00 0.000000E+00 0.00E+00 0.000000E+00 0.00E+00 0.000000E+00 0.00E+00 0.000000E+00 0.00E+00
  84 0.000000E+00 0.00E+00 0.000000E+00 0.00E+00 0.000000E+00 0.00E+00 0.000000E+00 0.00E+00 0.000000E+00 0.00E+00 0.000000E+00 0.00E+00 0.000000E+00 0.00E+00 0.000000E+00 0.00E+00 0.000000E+00 0.00E+00
  85 0.205654E-03 0.79E-06 0.000000E+00 0.00E+00-0.351910E-03 0.49E-05 0.526533E-03 0.46E-05-0.560512E-03 0.12E-04 0.000000E+00 0.00E+00 0.000000E+00 0.00E+00 0.000000E+00 0.00E+00 0.000000E+00 0.00E+00
  86 0.000000E+00 0.00E+00 0.000000E+00 0.00E+00 0.000000E+00 0.00E+00 0.000000E+00 0.00E+00 0.000000E+00 0.00E+00 0.000000E+00 0.00E+00 0.000000E+00 0.00E+00 0.000000E+00 0.00E+00 0.000000E+00 0.00E+00
  87 0.000000E+00 0.00E+00 0.000000E+00 0.00E+00 0.000000E+00 0.00E+00-0.146532E-03 0.83E-05 0.000000E+00 0.00E+00 0.000000E+00 0.00E+00 0.000000E+00 0.00E+00 0.000000E+00 0.00E+00 0.000000E+00 0.00E+00
  88 0.000000E+00 0.00E+00 0.000000E+00 0.00E+00 0.000000E+00 0.00E+00 0.000000E+00 0.00E+00 0.000000E+00 0.00E+00 0.000000E+00 0.00E+00 0.000000E+00 0.00E+00 0.000000E+00 0.00E+00 0.000000E+00 0.00E+00
  89 0.000000E+00 0.00E+00 0.000000E+00 0.00E+00 0.000000E+00 0.00E+00 0.000000E+00 0.00E+00 0.000000E+00 0.00E+00 0.000000E+00 0.00E+00 0.000000E+00 0.00E+00 0.000000E+00 0.00E+00 0.000000E+00 0.00E+00
  90 0.157027E-04 0.22E-06 0.000000E+00 0.00E+00 0.214715E-03 0.67E-05 0.137173E-03 0.14E-05-0.305130E-03 0.37E-05 0.000000E+00 0.00E+00 0.000000E+00 0.00E+00 0.000000E+00 0.00E+00 0.000000E+00 0.00E+00
  91 0.345280E-04 0.21E-06 0.000000E+00 0.00E+00-0.530331E-03 0.67E-05-0.176193E-03 0.15E-05 0.121438E-04 0.43E-05 0.000000E+00 0.00E+00 0.000000E+00 0.00E+00 0.000000E+00 0.00E+00 0.000000E+00 0.00E+00
  92 0.000000E+00 0.00E+00 0.000000E+00 0.00E+00 0.000000E+00 0.00E+00 0.000000E+00 0.00E+00 0.000000E+00 0.00E+00 0.000000E+00 0.00E+00 0.000000E+00 0.00E+00 0.000000E+00 0.00E+00 0.000000E+00 0.00E+00
  93 0.000000E+00 0.00E+00 0.000000E+00 0.00E+00 0.000000E+00 0.00E+00 0.000000E+00 0.00E+00 0.000000E+00 0.00E+00 0.000000E+00 0.00E+00 0.000000E+00 0.00E+00 0.000000E+00 0.00E+00 0.000000E+00 0.00E+00
  94 0.000000E+00 0.00E+00 0.000000E+00 0.00E+00 0.000000E+00 0.00E+00 0.000000E+00 0.00E+00 0.000000E+00 0.00E+00 0.000000E+00 0.00E+00 0.000000E+00 0.00E+00 0.000000E+00 0.00E+00 0.000000E+00 0.00E+00
  95 0.000000E+00 0.00E+00 0.000000E+00 0.00E+00 0.000000E+00 0.00E+00 0.000000E+00 0.00E+00 0.000000E+00 0.00E+00 0.000000E+00 0.00E+00 0.000000E+00 0.00E+00 0.000000E+00 0.00E+00 0.000000E+00 0.00E+00
