sol_DTM2020_F30_ap60_iter2                                                      , facteur mutiplicatif applique:  1.0
  95   9    TT                    H                     HE                    O                     N2                    O2                    N                     T0                    TP
   1 0.102167E+04 0.12E+00 0.176100E+06 0.00E+00 0.235781E+08 0.17E+05 0.541990E+11 0.29E+08 0.248975E+12 0.22E+09 0.234867E+11 0.98E+09 0.000000E+00 0.00E+00 0.380000E+03 0.00E+00 0.163260E+02 0.29E-02
   2 0.264349E-01 0.16E-03-0.133700E+00 0.00E+00 0.548707E-01 0.50E-03-0.921691E-01 0.72E-03-0.189113E+00 0.73E-03 0.150497E+00 0.74E-01 0.000000E+00 0.00E+00 0.000000E+00 0.00E+00 0.250813E-01 0.19E-03
   3 0.149638E-01 0.76E-04 0.000000E+00 0.00E+00-0.139008E+00 0.44E-03-0.416970E-01 0.42E-03 0.700945E-02 0.49E-03 0.415861E+00 0.38E-01 0.000000E+00 0.00E+00 0.000000E+00 0.00E+00 0.000000E+00 0.00E+00
   4 0.243567E-02 0.17E-05-0.124600E-01 0.00E+00-0.291901E-03 0.15E-04 0.269610E-02 0.89E-05 0.280792E-02 0.95E-05 0.100000E-05 0.00E+00 0.000000E+00 0.00E+00 0.000000E+00 0.00E+00 0.126792E-03 0.89E-05
   5-0.160537E-04 0.31E-07 0.000000E+00 0.00E+00 0.494943E-04 0.22E-06 0.165936E-06 0.17E-06 0.000000E+00 0.00E+00 0.000000E+00 0.00E+00 0.000000E+00 0.00E+00 0.000000E+00 0.00E+00 0.000000E+00 0.00E+00
   6 0.368049E-02 0.13E-05-0.193000E-01 0.00E+00-0.158347E-02 0.79E-05 0.215658E-02 0.51E-05 0.206777E-02 0.11E-04-0.563084E-03 0.64E-04 0.000000E+00 0.00E+00 0.100000E-04 0.00E+00 0.187770E-02 0.85E-05
   7-0.227713E-02 0.47E-04-0.600000E-01 0.00E+00 0.748055E-01 0.40E-03 0.554513E-01 0.26E-03-0.105999E+00 0.27E-03 0.465730E-01 0.17E-02 0.000000E+00 0.00E+00 0.000000E+00 0.00E+00 0.000000E+00 0.00E+00
   8 0.595198E-02 0.75E-04-0.200000E-02 0.00E+00-0.306407E-01 0.34E-03-0.241008E-02 0.42E-03-0.230483E-01 0.51E-03 0.101345E+00 0.30E-02 0.000000E+00 0.00E+00 0.000000E+00 0.00E+00 0.000000E+00 0.00E+00
   9 0.398214E-03 0.34E-04 0.587800E-01 0.00E+00-0.893542E-01 0.23E-03 0.150689E+00 0.17E-03 0.615708E-01 0.24E-03 0.000000E+00 0.00E+00 0.000000E+00 0.00E+00 0.000000E+00 0.00E+00-0.255401E-01 0.25E-03
  10 0.181822E-02 0.68E-04 0.000000E+00 0.00E+00 0.439372E-01 0.45E-03 0.389596E-01 0.34E-03 0.293199E-01 0.47E-03 0.000000E+00 0.00E+00 0.000000E+00 0.00E+00 0.000000E+00 0.00E+00-0.100936E-02 0.45E-03
  11-0.187695E+03 0.11E+01 0.922700E+02 0.00E+00 0.200096E+03 0.10E+00 0.191055E+02 0.50E-01 0.190608E+03 0.36E+00 0.000000E+00 0.00E+00 0.000000E+00 0.00E+00 0.000000E+00 0.00E+00-0.180000E+03 0.00E+00
  12 0.877379E-02 0.28E-04 0.000000E+00 0.00E+00 0.302948E+00 0.22E-03 0.250815E+00 0.14E-03 0.359968E-01 0.23E-03 0.000000E+00 0.00E+00 0.000000E+00 0.00E+00 0.000000E+00 0.00E+00 0.000000E+00 0.00E+00
  13-0.198916E-02 0.57E-04 0.000000E+00 0.00E+00-0.138965E+00 0.44E-03 0.407064E-01 0.28E-03-0.257127E-01 0.49E-03 0.000000E+00 0.00E+00 0.000000E+00 0.00E+00 0.000000E+00 0.00E+00 0.000000E+00 0.00E+00
  14-0.934551E+02 0.52E+00 0.000000E+00 0.00E+00 0.106974E+03 0.26E-01 0.106389E+03 0.00E+00 0.893865E+02 0.64E+00 0.000000E+00 0.00E+00 0.000000E+00 0.00E+00 0.000000E+00 0.00E+00 0.000000E+00 0.00E+00
  15-0.136107E+00 0.24E-03 0.330100E+00 0.00E+00-0.128206E+01 0.13E-02 0.247222E+00 0.11E-02 0.910995E-01 0.10E-02 0.146080E+00 0.27E-01 0.000000E+00 0.00E+00 0.100000E-02 0.00E+00-0.114421E+00 0.32E-03
  16-0.132581E-01 0.16E-03 0.104500E+00 0.00E+00 0.267560E-01 0.10E-02-0.102900E-01 0.77E-03 0.976916E-01 0.71E-03 0.000000E+00 0.00E+00 0.000000E+00 0.00E+00 0.000000E+00 0.00E+00 0.000000E+00 0.00E+00
  17-0.210700E-03 0.20E-05 0.000000E+00 0.00E+00 0.160533E-02 0.14E-04-0.124014E-02 0.99E-05 0.180639E-02 0.17E-04-0.213458E-02 0.56E-03 0.000000E+00 0.00E+00 0.000000E+00 0.00E+00 0.201179E-02 0.12E-04
  18-0.567800E+01 0.26E-01-0.147700E+02 0.00E+00-0.188258E+03 0.16E-01 0.156317E+01 0.52E-01-0.200511E+03 0.44E+00 0.000000E+00 0.00E+00 0.000000E+00 0.00E+00 0.100000E+01 0.00E+00 0.100000E+01 0.00E+00
  19-0.153555E-01 0.14E-03-0.906500E-01 0.00E+00 0.815455E-01 0.14E-02-0.513876E-02 0.72E-03 0.404003E-01 0.11E-02 0.000000E+00 0.00E+00 0.000000E+00 0.00E+00 0.100000E-02 0.00E+00 0.100000E-02 0.00E+00
  20-0.187961E+03 0.47E+00-0.720000E+02 0.00E+00 0.688819E+03 0.15E+02 0.715418E+02 0.76E+00 0.101585E+03 0.78E+00 0.000000E+00 0.00E+00 0.000000E+00 0.00E+00 0.180000E+03 0.00E+00 0.180000E+03 0.00E+00
  21-0.103273E+00 0.13E-03 0.209400E+00 0.00E+00-0.180515E-01 0.90E-03-0.184070E-01 0.26E-03 0.130583E+00 0.14E-02 0.234716E+00 0.65E-01 0.000000E+00 0.00E+00 0.000000E+00 0.00E+00-0.234746E+00 0.58E-03
  22-0.132956E-02 0.15E-04 0.283000E-01 0.00E+00-0.461133E-02 0.21E-03-0.230825E-01 0.12E-03-0.149804E-02 0.40E-03 0.000000E+00 0.00E+00 0.000000E+00 0.00E+00 0.000000E+00 0.00E+00 0.000000E+00 0.00E+00
  23-0.220011E-03 0.14E-05 0.000000E+00 0.00E+00 0.915899E-03 0.13E-04 0.747925E-03 0.43E-05-0.123392E-02 0.25E-04-0.480781E-02 0.13E-02 0.000000E+00 0.00E+00 0.000000E+00 0.00E+00-0.209631E-03 0.13E-04
  24-0.668337E-02 0.32E-04 0.857100E-01 0.00E+00-0.363827E-02 0.39E-03 0.545027E-01 0.25E-03 0.000000E+00 0.00E+00 0.000000E+00 0.00E+00 0.000000E+00 0.00E+00 0.000000E+00 0.00E+00 0.000000E+00 0.00E+00
  25 0.135449E-01 0.60E-04-0.247500E-01 0.00E+00-0.319714E-01 0.29E-03-0.116447E-01 0.31E-03 0.000000E+00 0.00E+00 0.000000E+00 0.00E+00 0.000000E+00 0.00E+00 0.000000E+00 0.00E+00 0.000000E+00 0.00E+00
  26-0.105749E+00 0.13E-03 0.383000E+00 0.00E+00 0.248952E+00 0.11E-02-0.553787E-01 0.24E-03 0.526801E-01 0.82E-03-0.838379E-01 0.52E-02 0.000000E+00 0.00E+00 0.000000E+00 0.00E+00-0.135794E-01 0.48E-03
  27 0.606490E-02 0.15E-04 0.294100E-01 0.00E+00-0.277509E-01 0.23E-03-0.582864E-01 0.11E-03 0.172740E-01 0.22E-03 0.000000E+00 0.00E+00 0.000000E+00 0.00E+00 0.000000E+00 0.00E+00 0.000000E+00 0.00E+00
  28 0.918362E-04 0.14E-05 0.000000E+00 0.00E+00-0.809688E-03 0.15E-04-0.292287E-02 0.39E-05-0.677867E-03 0.15E-04-0.589494E-03 0.95E-04 0.000000E+00 0.00E+00 0.000000E+00 0.00E+00 0.222093E-02 0.11E-04
  29 0.527979E-03 0.30E-04-0.397400E-02 0.00E+00-0.166547E-02 0.49E-03 0.229263E-02 0.34E-03 0.000000E+00 0.00E+00 0.000000E+00 0.00E+00 0.000000E+00 0.00E+00 0.000000E+00 0.00E+00 0.000000E+00 0.00E+00
  30 0.104275E-02 0.58E-04 0.435600E-01 0.00E+00-0.726504E-01 0.35E-03 0.894090E-02 0.27E-03 0.000000E+00 0.00E+00 0.000000E+00 0.00E+00 0.000000E+00 0.00E+00 0.000000E+00 0.00E+00 0.000000E+00 0.00E+00
  31-0.392018E-02 0.14E-04 0.000000E+00 0.00E+00 0.439472E-01 0.20E-03 0.341704E-01 0.53E-04-0.184764E-01 0.31E-03-0.394446E-01 0.24E-01 0.000000E+00 0.00E+00 0.000000E+00 0.00E+00 0.100000E-03 0.00E+00
  32 0.169665E-02 0.62E-05 0.000000E+00 0.00E+00-0.361277E-02 0.10E-03-0.617922E-02 0.76E-04 0.000000E+00 0.00E+00 0.000000E+00 0.00E+00 0.000000E+00 0.00E+00 0.000000E+00 0.00E+00 0.000000E+00 0.00E+00
  33 0.626577E-02 0.13E-04 0.000000E+00 0.00E+00-0.509926E-01 0.22E-03 0.149453E-01 0.51E-04 0.147694E-03 0.32E-03-0.261704E-01 0.64E-02 0.000000E+00 0.00E+00 0.000000E+00 0.00E+00 0.100000E-03 0.00E+00
  34 0.314796E-02 0.63E-05 0.000000E+00 0.00E+00 0.290271E-02 0.76E-04-0.298710E-02 0.73E-04 0.000000E+00 0.00E+00 0.000000E+00 0.00E+00 0.000000E+00 0.00E+00 0.000000E+00 0.00E+00 0.000000E+00 0.00E+00
  35-0.113364E-03 0.51E-05 0.000000E+00 0.00E+00 0.195706E-02 0.00E+00 0.387461E-02 0.11E-04-0.627863E-02 0.61E-04 0.000000E+00 0.00E+00 0.000000E+00 0.00E+00 0.000000E+00 0.00E+00 0.000000E+00 0.00E+00
  36 0.110847E-02 0.50E-05 0.000000E+00 0.00E+00-0.450339E-02 0.00E+00-0.105064E-02 0.11E-04-0.518444E-02 0.64E-04 0.000000E+00 0.00E+00 0.000000E+00 0.00E+00 0.000000E+00 0.00E+00 0.000000E+00 0.00E+00
  37-0.101924E-02 0.28E-05 0.000000E+00 0.00E+00 0.000000E+00 0.00E+00 0.673629E-02 0.35E-04 0.000000E+00 0.00E+00-0.194577E-01 0.27E-02 0.000000E+00 0.00E+00 0.000000E+00 0.00E+00 0.000000E+00 0.00E+00
  38-0.895807E-03 0.28E-05 0.000000E+00 0.00E+00 0.000000E+00 0.00E+00 0.170177E-02 0.34E-04 0.000000E+00 0.00E+00-0.133750E-02 0.11E-02 0.000000E+00 0.00E+00 0.000000E+00 0.00E+00 0.000000E+00 0.00E+00
  39-0.485266E-03 0.49E-04 0.000000E+00 0.00E+00-0.950027E-02 0.67E-03-0.597044E-02 0.26E-03-0.267840E-02 0.66E-03 0.000000E+00 0.00E+00 0.000000E+00 0.00E+00 0.000000E+00 0.00E+00 0.000000E+00 0.00E+00
  40-0.103721E-02 0.48E-04 0.000000E+00 0.00E+00-0.156117E-01 0.40E-03-0.381083E-02 0.23E-03-0.113563E-01 0.36E-03 0.000000E+00 0.00E+00 0.000000E+00 0.00E+00 0.000000E+00 0.00E+00 0.000000E+00 0.00E+00
  41-0.421796E-02 0.10E-03 0.000000E+00 0.00E+00 0.114078E-01 0.62E-03 0.368556E-01 0.44E-03-0.118288E-01 0.40E-03 0.000000E+00 0.00E+00 0.000000E+00 0.00E+00 0.000000E+00 0.00E+00 0.000000E+00 0.00E+00
  42 0.418143E-03 0.43E-04 0.000000E+00 0.00E+00 0.389679E-02 0.73E-03 0.213530E-02 0.20E-03 0.348476E-02 0.59E-03 0.000000E+00 0.00E+00 0.000000E+00 0.00E+00 0.000000E+00 0.00E+00 0.000000E+00 0.00E+00
  43-0.853940E-03 0.44E-04 0.000000E+00 0.00E+00 0.100000E-05 0.00E+00 0.263695E-01 0.19E-03 0.354720E-02 0.56E-03 0.000000E+00 0.00E+00 0.000000E+00 0.00E+00 0.000000E+00 0.00E+00 0.000000E+00 0.00E+00
  44-0.639439E-03 0.89E-05 0.000000E+00 0.00E+00 0.100000E-05 0.00E+00 0.433044E-02 0.11E-03-0.498203E-02 0.15E-03 0.000000E+00 0.00E+00 0.000000E+00 0.00E+00 0.000000E+00 0.00E+00 0.000000E+00 0.00E+00
  45 0.227123E-04 0.68E-05 0.000000E+00 0.00E+00 0.100000E-05 0.00E+00 0.577113E-03 0.80E-04-0.618021E-03 0.11E-03 0.000000E+00 0.00E+00 0.000000E+00 0.00E+00 0.000000E+00 0.00E+00 0.000000E+00 0.00E+00
  46-0.301549E-02 0.40E-04 0.000000E+00 0.00E+00 0.100000E-05 0.00E+00 0.300792E-01 0.17E-03-0.167920E-01 0.34E-03 0.000000E+00 0.00E+00 0.000000E+00 0.00E+00 0.000000E+00 0.00E+00 0.000000E+00 0.00E+00
  47 0.122681E-02 0.83E-05 0.000000E+00 0.00E+00 0.100000E-05 0.00E+00-0.239148E-02 0.99E-04-0.155370E-02 0.11E-03 0.000000E+00 0.00E+00 0.000000E+00 0.00E+00 0.000000E+00 0.00E+00 0.000000E+00 0.00E+00
  48 0.176135E-03 0.63E-05 0.000000E+00 0.00E+00 0.100000E-05 0.00E+00-0.106452E-02 0.75E-04-0.119123E-02 0.79E-04 0.000000E+00 0.00E+00 0.000000E+00 0.00E+00 0.000000E+00 0.00E+00 0.000000E+00 0.00E+00
  49-0.429043E-02 0.21E-04 0.000000E+00 0.00E+00 0.100000E-05 0.00E+00 0.151889E-01 0.41E-03 0.241069E-01 0.52E-03 0.000000E+00 0.00E+00 0.000000E+00 0.00E+00 0.000000E+00 0.00E+00 0.000000E+00 0.00E+00
  50 0.269139E-02 0.15E-04 0.000000E+00 0.00E+00 0.100000E-05 0.00E+00-0.694163E-02 0.28E-03-0.370215E-02 0.36E-03 0.000000E+00 0.00E+00 0.000000E+00 0.00E+00 0.000000E+00 0.00E+00 0.000000E+00 0.00E+00
  51-0.229321E-02 0.12E-04 0.000000E+00 0.00E+00 0.100000E-05 0.00E+00 0.382210E-02 0.23E-03 0.297945E-02 0.29E-03 0.000000E+00 0.00E+00 0.000000E+00 0.00E+00 0.000000E+00 0.00E+00 0.000000E+00 0.00E+00
  52 0.143343E-02 0.11E-04 0.000000E+00 0.00E+00 0.100000E-05 0.00E+00 0.100000E-05 0.00E+00 0.100000E-05 0.00E+00 0.000000E+00 0.00E+00 0.000000E+00 0.00E+00 0.000000E+00 0.00E+00 0.000000E+00 0.00E+00
  53-0.484779E-03 0.95E-05 0.000000E+00 0.00E+00 0.100000E-05 0.00E+00 0.100000E-05 0.00E+00 0.100000E-05 0.00E+00 0.000000E+00 0.00E+00 0.000000E+00 0.00E+00 0.000000E+00 0.00E+00 0.000000E+00 0.00E+00
  54 0.555588E-02 0.21E-04 0.000000E+00 0.00E+00 0.100000E-05 0.00E+00-0.253614E-01 0.41E-03 0.132098E-01 0.53E-03 0.000000E+00 0.00E+00 0.000000E+00 0.00E+00 0.000000E+00 0.00E+00 0.000000E+00 0.00E+00
  55-0.513988E-02 0.16E-04 0.000000E+00 0.00E+00 0.100000E-05 0.00E+00 0.133384E-01 0.29E-03 0.145519E-01 0.39E-03 0.000000E+00 0.00E+00 0.000000E+00 0.00E+00 0.000000E+00 0.00E+00 0.000000E+00 0.00E+00
  56 0.196815E-02 0.12E-04 0.000000E+00 0.00E+00 0.100000E-05 0.00E+00-0.911385E-02 0.23E-03 0.665625E-02 0.30E-03 0.000000E+00 0.00E+00 0.000000E+00 0.00E+00 0.000000E+00 0.00E+00 0.000000E+00 0.00E+00
  57-0.630025E-03 0.11E-04 0.000000E+00 0.00E+00 0.100000E-05 0.00E+00 0.100000E-05 0.00E+00 0.100000E-05 0.00E+00 0.000000E+00 0.00E+00 0.000000E+00 0.00E+00 0.000000E+00 0.00E+00 0.000000E+00 0.00E+00
  58 0.163801E-03 0.95E-05 0.000000E+00 0.00E+00 0.100000E-05 0.00E+00 0.100000E-05 0.00E+00 0.100000E-05 0.00E+00 0.000000E+00 0.00E+00 0.000000E+00 0.00E+00 0.000000E+00 0.00E+00 0.000000E+00 0.00E+00
  59-0.741296E-04 0.10E-05 0.000000E+00 0.00E+00 0.643277E-03 0.14E-04-0.121967E-03 0.57E-05 0.497229E-04 0.18E-04 0.000000E+00 0.00E+00 0.000000E+00 0.00E+00 0.000000E+00 0.00E+00 0.000000E+00 0.00E+00
  60-0.348711E-03 0.13E-04 0.000000E+00 0.00E+00-0.107244E-02 0.12E-03 0.240029E-02 0.61E-04 0.146525E-01 0.64E-04 0.000000E+00 0.00E+00 0.000000E+00 0.00E+00 0.000000E+00 0.00E+00 0.000000E+00 0.00E+00
  61 0.100000E-05 0.00E+00 0.000000E+00 0.00E+00 0.100000E-05 0.00E+00 0.519846E-03 0.55E-04 0.279416E-02 0.11E-03 0.000000E+00 0.00E+00 0.000000E+00 0.00E+00 0.000000E+00 0.00E+00 0.000000E+00 0.00E+00
  62 0.100000E-05 0.00E+00 0.000000E+00 0.00E+00 0.100000E-05 0.00E+00 0.100000E-05 0.00E+00 0.100000E-05 0.00E+00 0.000000E+00 0.00E+00 0.000000E+00 0.00E+00 0.000000E+00 0.00E+00 0.000000E+00 0.00E+00
  63-0.315748E-05 0.32E-02 0.000000E+00 0.00E+00-0.300000E-05 0.00E+00 0.330330E-05 0.17E-01-0.300000E-05 0.00E+00 0.000000E+00 0.00E+00 0.000000E+00 0.00E+00 0.000000E+00 0.00E+00 0.000000E+00 0.00E+00
  64 0.347233E-01 0.48E-04 0.000000E+00 0.00E+00-0.119096E+00 0.43E-03-0.829532E-01 0.27E-03 0.114985E+00 0.29E-03 0.000000E+00 0.00E+00 0.000000E+00 0.00E+00 0.000000E+00 0.00E+00 0.000000E+00 0.00E+00
  65 0.503228E-02 0.72E-04 0.000000E+00 0.00E+00-0.421784E-01 0.91E-03-0.288919E-01 0.41E-03 0.166578E-01 0.51E-03 0.000000E+00 0.00E+00 0.000000E+00 0.00E+00 0.000000E+00 0.00E+00 0.000000E+00 0.00E+00
  66 0.100000E-05 0.00E+00 0.000000E+00 0.00E+00 0.000000E+00 0.00E+00 0.000000E+00 0.00E+00 0.000000E+00 0.00E+00 0.000000E+00 0.00E+00 0.000000E+00 0.00E+00 0.000000E+00 0.00E+00 0.000000E+00 0.00E+00
  67 0.100000E-05 0.00E+00 0.000000E+00 0.00E+00 0.100000E-05 0.00E+00 0.100000E-05 0.00E+00 0.100000E-05 0.00E+00 0.000000E+00 0.00E+00 0.000000E+00 0.00E+00 0.000000E+00 0.00E+00 0.000000E+00 0.00E+00
  68 0.100000E-05 0.00E+00 0.000000E+00 0.00E+00 0.100000E-05 0.00E+00 0.100000E-05 0.00E+00 0.100000E-05 0.00E+00 0.000000E+00 0.00E+00 0.000000E+00 0.00E+00 0.000000E+00 0.00E+00 0.000000E+00 0.00E+00
  69-0.928905E-05 0.15E-07 0.000000E+00 0.00E+00-0.675907E-06 0.21E-06 0.000000E+00 0.00E+00 0.000000E+00 0.00E+00 0.000000E+00 0.00E+00 0.000000E+00 0.00E+00 0.000000E+00 0.00E+00 0.000000E+00 0.00E+00
  70 0.100000E-05 0.00E+00 0.000000E+00 0.00E+00 0.100000E-05 0.00E+00 0.100000E-05 0.00E+00 0.100000E-05 0.00E+00 0.000000E+00 0.00E+00 0.000000E+00 0.00E+00 0.000000E+00 0.00E+00 0.000000E+00 0.00E+00
  71 0.257894E-04 0.13E-06 0.000000E+00 0.00E+00 0.000000E+00 0.00E+00 0.440000E-06 0.00E+00 0.000000E+00 0.00E+00 0.000000E+00 0.00E+00 0.000000E+00 0.00E+00 0.000000E+00 0.00E+00 0.000000E+00 0.00E+00
  72 0.154928E-04 0.12E-06 0.000000E+00 0.00E+00 0.000000E+00 0.00E+00 0.440000E-06 0.00E+00 0.000000E+00 0.00E+00 0.000000E+00 0.00E+00 0.000000E+00 0.00E+00 0.000000E+00 0.00E+00 0.000000E+00 0.00E+00
  73 0.100000E-05 0.00E+00 0.000000E+00 0.00E+00 0.100000E-05 0.00E+00 0.100000E-05 0.00E+00 0.100000E-05 0.00E+00 0.000000E+00 0.00E+00 0.000000E+00 0.00E+00 0.000000E+00 0.00E+00 0.000000E+00 0.00E+00
  74 0.890627E-03 0.16E-04 0.000000E+00 0.00E+00-0.243775E-01 0.38E-03-0.186602E-01 0.15E-03-0.224593E-01 0.46E-03 0.000000E+00 0.00E+00 0.000000E+00 0.00E+00 0.000000E+00 0.00E+00 0.000000E+00 0.00E+00
  75 0.223353E-04 0.12E-06 0.000000E+00 0.00E+00 0.100000E-06 0.29E-05 0.120000E-06 0.71E-06 0.100000E-06 0.40E-05 0.000000E+00 0.00E+00 0.000000E+00 0.00E+00 0.000000E+00 0.00E+00 0.000000E+00 0.00E+00
  76 0.125349E-05 0.12E-06 0.000000E+00 0.00E+00 0.000000E+00 0.00E+00 0.250000E-06 0.00E+00 0.000000E+00 0.00E+00 0.000000E+00 0.00E+00 0.000000E+00 0.00E+00 0.000000E+00 0.00E+00 0.000000E+00 0.00E+00
  77 0.748945E-02 0.35E-04 0.000000E+00 0.00E+00-0.278720E-01 0.54E-03-0.278402E-01 0.45E-03 0.000000E+00 0.00E+00 0.000000E+00 0.00E+00 0.000000E+00 0.00E+00 0.000000E+00 0.00E+00 0.000000E+00 0.00E+00
  78 0.477479E-02 0.28E-04 0.000000E+00 0.00E+00-0.267819E-01 0.65E-03-0.172461E-01 0.54E-03 0.000000E+00 0.00E+00 0.000000E+00 0.00E+00 0.000000E+00 0.00E+00 0.000000E+00 0.00E+00 0.000000E+00 0.00E+00
  79-0.173461E-04 0.10E-06 0.000000E+00 0.00E+00 0.000000E+00 0.53E-03 0.250000E-06 0.59E-03 0.000000E+00 0.00E+00 0.000000E+00 0.00E+00 0.000000E+00 0.00E+00 0.000000E+00 0.00E+00 0.000000E+00 0.00E+00
  80 0.000000E+00 0.00E+00 0.000000E+00 0.00E+00 0.000000E+00 0.00E+00 0.000000E+00 0.00E+00 0.000000E+00 0.00E+00 0.000000E+00 0.00E+00 0.000000E+00 0.00E+00 0.000000E+00 0.00E+00 0.000000E+00 0.00E+00
  81 0.000000E+00 0.00E+00 0.000000E+00 0.00E+00 0.000000E+00 0.00E+00 0.000000E+00 0.00E+00 0.000000E+00 0.00E+00 0.000000E+00 0.00E+00 0.000000E+00 0.00E+00 0.000000E+00 0.00E+00 0.000000E+00 0.00E+00
  82 0.000000E+00 0.00E+00 0.000000E+00 0.00E+00 0.000000E+00 0.00E+00 0.000000E+00 0.00E+00 0.000000E+00 0.00E+00 0.000000E+00 0.00E+00 0.000000E+00 0.00E+00 0.000000E+00 0.00E+00 0.000000E+00 0.00E+00
  83 0.200107E-03 0.17E-05 0.000000E+00 0.00E+00 0.000000E+00 0.00E+00-0.332581E-03 0.15E-04 0.000000E+00 0.00E+00 0.000000E+00 0.00E+00 0.000000E+00 0.00E+00 0.000000E+00 0.00E+00 0.000000E+00 0.00E+00
  84 0.000000E+00 0.00E+00 0.000000E+00 0.00E+00 0.000000E+00 0.00E+00 0.000000E+00 0.00E+00 0.000000E+00 0.00E+00 0.000000E+00 0.00E+00 0.000000E+00 0.00E+00 0.000000E+00 0.00E+00 0.000000E+00 0.00E+00
  85 0.972078E-04 0.47E-06 0.000000E+00 0.00E+00 0.000000E+00 0.00E+00 0.157971E-02 0.55E-05-0.149104E-02 0.14E-04 0.000000E+00 0.00E+00 0.000000E+00 0.00E+00 0.000000E+00 0.00E+00 0.000000E+00 0.00E+00
  86 0.000000E+00 0.00E+00 0.000000E+00 0.00E+00 0.120493E-03 0.60E-05-0.691069E-04 0.35E-05 0.000000E+00 0.00E+00 0.000000E+00 0.00E+00 0.000000E+00 0.00E+00 0.000000E+00 0.00E+00 0.000000E+00 0.00E+00
  87 0.000000E+00 0.00E+00 0.000000E+00 0.00E+00 0.000000E+00 0.00E+00-0.146532E-03 0.83E-05 0.000000E+00 0.00E+00 0.000000E+00 0.00E+00 0.000000E+00 0.00E+00 0.000000E+00 0.00E+00 0.000000E+00 0.00E+00
  88 0.000000E+00 0.00E+00 0.000000E+00 0.00E+00 0.000000E+00 0.00E+00 0.000000E+00 0.00E+00 0.000000E+00 0.00E+00 0.000000E+00 0.00E+00 0.000000E+00 0.00E+00 0.000000E+00 0.00E+00 0.000000E+00 0.00E+00
  89 0.000000E+00 0.00E+00 0.000000E+00 0.00E+00 0.000000E+00 0.00E+00 0.000000E+00 0.00E+00 0.000000E+00 0.00E+00 0.000000E+00 0.00E+00 0.000000E+00 0.00E+00 0.000000E+00 0.00E+00 0.000000E+00 0.00E+00
  90 0.120372E-04 0.18E-06 0.000000E+00 0.00E+00 0.214715E-03 0.67E-05 0.137173E-03 0.14E-05-0.486101E-03 0.46E-05 0.000000E+00 0.00E+00 0.000000E+00 0.00E+00 0.000000E+00 0.00E+00 0.000000E+00 0.00E+00
  91 0.399449E-04 0.18E-06 0.000000E+00 0.00E+00-0.530331E-03 0.67E-05-0.176193E-03 0.15E-05 0.258965E-03 0.60E-05 0.000000E+00 0.00E+00 0.000000E+00 0.00E+00 0.000000E+00 0.00E+00 0.000000E+00 0.00E+00
  92 0.000000E+00 0.00E+00 0.000000E+00 0.00E+00 0.000000E+00 0.00E+00 0.000000E+00 0.00E+00 0.000000E+00 0.00E+00 0.000000E+00 0.00E+00 0.000000E+00 0.00E+00 0.000000E+00 0.00E+00 0.000000E+00 0.00E+00
  93 0.000000E+00 0.00E+00 0.000000E+00 0.00E+00 0.000000E+00 0.00E+00 0.000000E+00 0.00E+00 0.000000E+00 0.00E+00 0.000000E+00 0.00E+00 0.000000E+00 0.00E+00 0.000000E+00 0.00E+00 0.000000E+00 0.00E+00
  94 0.000000E+00 0.00E+00 0.000000E+00 0.00E+00 0.000000E+00 0.00E+00 0.000000E+00 0.00E+00 0.000000E+00 0.00E+00 0.000000E+00 0.00E+00 0.000000E+00 0.00E+00 0.000000E+00 0.00E+00 0.000000E+00 0.00E+00
  95 0.000000E+00 0.00E+00 0.000000E+00 0.00E+00 0.000000E+00 0.00E+00 0.000000E+00 0.00E+00 0.000000E+00 0.00E+00 0.000000E+00 0.00E+00 0.000000E+00 0.00E+00 0.000000E+00 0.00E+00 0.000000E+00 0.00E+00
